comp all4stoch

MO LO
cts[536,1280] 
dscr[510,1272]
cts+[1038,1310]
dscr+[546,1338]

ds_method = 1
G

\left(\begin{array}{ccccccccccccccc}
  -0.965 &    0.035 &    0.014 &    0.007 &    0.000 &    0.503 &    0.203 &    0.084 &    0.021 &    0.007 &    0.056 &    0.014 &    0.021 &    0.000 &    0.000 \\ 
   0.014 &   -0.979 &    0.007 &    0.007 &    0.007 &    0.093 &    0.386 &    0.207 &    0.114 &    0.057 &    0.021 &    0.029 &    0.021 &    0.014 &    0.000 \\ 
   0.000 &    0.000 &   -0.980 &    0.020 &    0.010 &    0.010 &    0.071 &    0.434 &    0.273 &    0.111 &    0.000 &    0.010 &    0.010 &    0.020 &    0.010 \\ 
   0.000 &    0.000 &    0.000 &   -0.982 &    0.018 &    0.000 &    0.018 &    0.070 &    0.456 &    0.316 &    0.018 &    0.000 &    0.018 &    0.053 &    0.018 \\ 
   0.000 &    0.000 &    0.023 &    0.000 &   -0.977 &    0.023 &    0.000 &    0.000 &    0.070 &    0.744 &    0.000 &    0.000 &    0.000 &    0.000 &    0.116 \\ 
   0.017 &    0.006 &    0.002 &    0.001 &    0.000 &   -0.073 &    0.038 &    0.001 &    0.001 &    0.000 &    0.004 &    0.000 &    0.000 &    0.000 &    0.000 \\ 
   0.002 &    0.012 &    0.006 &    0.001 &    0.001 &    0.058 &   -0.157 &    0.056 &    0.005 &    0.001 &    0.002 &    0.008 &    0.003 &    0.001 &    0.000 \\ 
   0.000 &    0.003 &    0.006 &    0.003 &    0.002 &    0.002 &    0.075 &   -0.168 &    0.058 &    0.003 &    0.002 &    0.005 &    0.007 &    0.004 &    0.000 \\ 
   0.000 &    0.001 &    0.003 &    0.005 &    0.001 &    0.001 &    0.006 &    0.071 &   -0.161 &    0.044 &    0.001 &    0.004 &    0.007 &    0.015 &    0.002 \\ 
   0.000 &    0.000 &    0.000 &    0.000 &    0.005 &    0.000 &    0.001 &    0.003 &    0.075 &   -0.140 &    0.002 &    0.001 &    0.003 &    0.022 &    0.026 \\ 
   0.038 &    0.038 &    0.013 &    0.000 &    0.000 &    0.759 &    0.076 &    0.013 &    0.025 &    0.000 &   -0.962 &    0.000 &    0.000 &    0.000 &    0.000 \\ 
   0.011 &    0.022 &    0.032 &    0.011 &    0.000 &    0.376 &    0.398 &    0.086 &    0.022 &    0.011 &    0.022 &   -0.989 &    0.000 &    0.000 &    0.000 \\ 
   0.000 &    0.010 &    0.010 &    0.020 &    0.010 &    0.091 &    0.303 &    0.354 &    0.091 &    0.020 &    0.020 &    0.000 &   -0.990 &    0.040 &    0.020 \\ 
   0.000 &    0.000 &    0.007 &    0.007 &    0.021 &    0.049 &    0.188 &    0.278 &    0.319 &    0.056 &    0.021 &    0.007 &    0.021 &   -0.979 &    0.007 \\ 
   0.000 &    0.000 &    0.000 &    0.026 &    0.051 &    0.000 &    0.064 &    0.128 &    0.269 &    0.359 &    0.000 &    0.000 &    0.026 &    0.013 &   -0.936
 \end{array}\right)


P
\left(\begin{array}{ccccccccccccccc} 
 0.384 &  0.015 &  0.006 &  0.003 &  0.000 &  0.329 &  0.137 &  0.060 &  0.019 &  0.007 &  0.023 &  0.006 &  0.009 &  0.001 &  0.000 \\ 
 0.006 &  0.378 &  0.004 &  0.003 &  0.003 &  0.075 &  0.239 &  0.136 &  0.077 &  0.039 &  0.009 &  0.012 &  0.009 &  0.007 &  0.001 \\ 
 0.000 &  0.001 &  0.377 &  0.008 &  0.005 &  0.010 &  0.057 &  0.264 &  0.176 &  0.076 &  0.001 &  0.005 &  0.005 &  0.010 &  0.005 \\ 
 0.000 &  0.001 &  0.001 &  0.375 &  0.008 &  0.006 &  0.019 &  0.059 &  0.282 &  0.199 &  0.007 &  0.001 &  0.008 &  0.024 &  0.010 \\ 
 0.000 &  0.000 &  0.009 &  0.001 &  0.379 &  0.015 &  0.004 &  0.011 &  0.071 &  0.453 &  0.000 &  0.000 &  0.002 &  0.005 &  0.050 \\ 
 0.011 &  0.004 &  0.002 &  0.001 &  0.000 &  0.935 &  0.037 &  0.004 &  0.002 &  0.001 &  0.003 &  0.001 &  0.000 &  0.000 &  0.000 \\ 
 0.002 &  0.008 &  0.004 &  0.001 &  0.001 &  0.054 &  0.861 &  0.051 &  0.007 &  0.002 &  0.002 &  0.005 &  0.002 &  0.001 &  0.000 \\ 
 0.000 &  0.002 &  0.004 &  0.002 &  0.001 &  0.005 &  0.066 &  0.851 &  0.052 &  0.005 &  0.001 &  0.003 &  0.004 &  0.003 &  0.000 \\ 
 0.000 &  0.001 &  0.002 &  0.003 &  0.001 &  0.002 &  0.010 &  0.064 &  0.858 &  0.040 &  0.001 &  0.002 &  0.005 &  0.010 &  0.002 \\ 
 0.000 &  0.000 &  0.001 &  0.000 &  0.004 &  0.001 &  0.004 &  0.009 &  0.070 &  0.876 &  0.001 &  0.001 &  0.002 &  0.014 &  0.016 \\ 
 0.018 &  0.016 &  0.006 &  0.000 &  0.000 &  0.477 &  0.062 &  0.015 &  0.018 &  0.002 &  0.384 &  0.001 &  0.001 &  0.000 &  0.000 \\ 
 0.006 &  0.010 &  0.013 &  0.005 &  0.000 &  0.245 &  0.243 &  0.064 &  0.020 &  0.009 &  0.009 &  0.373 &  0.001 &  0.001 &  0.000 \\ 
 0.001 &  0.005 &  0.005 &  0.008 &  0.005 &  0.067 &  0.191 &  0.219 &  0.070 &  0.021 &  0.008 &  0.001 &  0.373 &  0.017 &  0.008 \\ 
 0.001 &  0.001 &  0.004 &  0.004 &  0.008 &  0.040 &  0.122 &  0.176 &  0.197 &  0.044 &  0.008 &  0.004 &  0.009 &  0.378 &  0.004 \\ 
 0.000 &  0.001 &  0.001 &  0.011 &  0.021 &  0.003 &  0.046 &  0.089 &  0.179 &  0.233 &  0.001 &  0.001 &  0.011 &  0.009 &  0.396
 \end{array}\right)



G (ds_method = 2)
\left(\begin{array}{ccccccccccccccc} 
-0.953 &  0.019 &  0.005 &  0.005 &  0.000 &  0.505 &  0.198 &  0.090 &  0.033 &  0.014 &  0.057 &  0.024 &  0.000 &  0.005 &  0.000 \\ 
 0.023 & -0.977 &  0.008 &  0.000 &  0.000 &  0.076 &  0.466 &  0.237 &  0.061 &  0.038 &  0.008 &  0.046 &  0.015 &  0.000 &  0.000 \\ 
 0.000 &  0.014 & -0.957 &  0.000 &  0.000 &  0.000 &  0.174 &  0.362 &  0.203 &  0.145 &  0.000 &  0.000 &  0.029 &  0.029 &  0.000 \\ 
 0.000 &  0.000 &  0.000 & -0.979 &  0.000 &  0.000 &  0.083 &  0.250 &  0.375 &  0.188 &  0.000 &  0.000 &  0.021 &  0.063 &  0.000 \\ 
 0.000 &  0.000 &  0.000 &  0.000 & -0.905 &  0.000 &  0.048 &  0.095 &  0.095 &  0.429 &  0.000 &  0.000 &  0.000 &  0.000 &  0.238 \\ 
 0.024 &  0.001 &  0.000 &  0.000 &  0.000 & -0.078 &  0.040 &  0.003 &  0.001 &  0.000 &  0.006 &  0.002 &  0.000 &  0.000 &  0.000 \\ 
 0.004 &  0.018 &  0.001 &  0.000 &  0.000 &  0.063 & -0.171 &  0.061 &  0.007 &  0.002 &  0.000 &  0.012 &  0.002 &  0.001 &  0.000 \\ 
 0.001 &  0.003 &  0.009 &  0.000 &  0.000 &  0.004 &  0.078 & -0.182 &  0.063 &  0.006 &  0.000 &  0.001 &  0.015 &  0.002 &  0.000 \\ 
 0.001 &  0.000 &  0.003 &  0.009 &  0.000 &  0.002 &  0.013 &  0.078 & -0.180 &  0.048 &  0.000 &  0.000 &  0.001 &  0.023 &  0.002 \\ 
 0.000 &  0.000 &  0.000 &  0.003 &  0.006 &  0.000 &  0.003 &  0.007 &  0.083 & -0.156 &  0.000 &  0.000 &  0.000 &  0.002 &  0.050 \\ 
 0.055 &  0.000 &  0.055 &  0.000 &  0.000 &  0.691 &  0.091 &  0.036 &  0.018 &  0.018 & -0.982 &  0.000 &  0.018 &  0.000 &  0.000 \\ 
 0.042 &  0.032 &  0.011 &  0.000 &  0.000 &  0.137 &  0.442 &  0.179 &  0.074 &  0.011 &  0.000 & -0.968 &  0.032 &  0.011 &  0.000 \\ 
 0.000 &  0.022 &  0.011 &  0.000 &  0.000 &  0.097 &  0.215 &  0.301 &  0.237 &  0.032 &  0.011 &  0.000 & -0.968 &  0.032 &  0.011 \\ 
 0.000 &  0.016 &  0.000 &  0.016 &  0.000 &  0.040 &  0.105 &  0.242 &  0.468 &  0.065 &  0.008 &  0.000 &  0.008 & -0.976 &  0.008 \\ 
 0.000 &  0.000 &  0.000 &  0.024 &  0.048 &  0.032 &  0.024 &  0.063 &  0.317 &  0.405 &  0.000 &  0.000 &  0.008 &  0.032 & -0.952
\end{array}\right)

P
\left(\begin{array}{ccccccccccccccc} 
 0.390 &  0.009 &  0.003 &  0.002 &  0.000 &  0.329 &  0.133 &  0.062 &  0.025 &  0.011 &  0.022 &  0.010 &  0.001 &  0.002 &  0.000 \\ 
 0.010 &  0.379 &  0.004 &  0.000 &  0.000 &  0.064 &  0.286 &  0.153 &  0.046 &  0.025 &  0.003 &  0.019 &  0.007 &  0.001 &  0.001 \\ 
 0.000 &  0.007 &  0.385 &  0.001 &  0.000 &  0.006 &  0.117 &  0.226 &  0.137 &  0.091 &  0.000 &  0.001 &  0.013 &  0.013 &  0.002 \\ 
 0.000 &  0.001 &  0.001 &  0.377 &  0.000 &  0.004 &  0.060 &  0.162 &  0.237 &  0.118 &  0.000 &  0.000 &  0.009 &  0.026 &  0.003 \\ 
 0.000 &  0.000 &  0.000 &  0.002 &  0.408 &  0.004 &  0.034 &  0.067 &  0.093 &  0.287 &  0.000 &  0.000 &  0.001 &  0.003 &  0.100 \\ 
 0.015 &  0.001 &  0.000 &  0.000 &  0.000 &  0.932 &  0.038 &  0.005 &  0.002 &  0.001 &  0.004 &  0.001 &  0.000 &  0.000 &  0.000 \\ 
 0.003 &  0.011 &  0.001 &  0.000 &  0.000 &  0.058 &  0.851 &  0.055 &  0.009 &  0.003 &  0.000 &  0.007 &  0.001 &  0.001 &  0.000 \\ 
 0.001 &  0.002 &  0.006 &  0.000 &  0.000 &  0.006 &  0.069 &  0.841 &  0.055 &  0.007 &  0.000 &  0.001 &  0.009 &  0.002 &  0.000 \\ 
 0.000 &  0.000 &  0.002 &  0.005 &  0.000 &  0.003 &  0.015 &  0.069 &  0.844 &  0.043 &  0.000 &  0.000 &  0.001 &  0.014 &  0.002 \\ 
 0.000 &  0.000 &  0.000 &  0.002 &  0.004 &  0.001 &  0.004 &  0.011 &  0.077 &  0.866 &  0.000 &  0.000 &  0.000 &  0.002 &  0.030 \\ 
 0.025 &  0.001 &  0.021 &  0.000 &  0.000 &  0.432 &  0.070 &  0.033 &  0.017 &  0.014 &  0.376 &  0.001 &  0.007 &  0.001 &  0.000 \\ 
 0.018 &  0.015 &  0.005 &  0.000 &  0.000 &  0.102 &  0.274 &  0.123 &  0.053 &  0.010 &  0.001 &  0.382 &  0.013 &  0.005 &  0.000 \\ 
 0.001 &  0.010 &  0.005 &  0.001 &  0.000 &  0.068 &  0.141 &  0.190 &  0.151 &  0.026 &  0.004 &  0.001 &  0.382 &  0.014 &  0.005 \\ 
 0.001 &  0.007 &  0.001 &  0.007 &  0.000 &  0.030 &  0.074 &  0.158 &  0.281 &  0.048 &  0.003 &  0.001 &  0.004 &  0.380 &  0.004 \\ 
 0.000 &  0.000 &  0.001 &  0.010 &  0.020 &  0.021 &  0.021 &  0.053 &  0.207 &  0.253 &  0.000 &  0.000 &  0.004 &  0.015 &  0.394
 \end{array}\right)


